[-0.7813224082728845, 0.4686138291050213, 0.28061003870810874, -2, -2]
[0.9644861272948558, -0.49811788828623815, -0.7666305355792048, -0.9328425614741501, -2]
[0.587409372172243, -0.4314191775709235, -0.9876720156316966, -2, 0.0]
[-0.5777641395162038, 0.900675257775337, -0.37748812850934454, 0.24954269914583022, -0.1518926692627127]
[-0.28143202022935454, -2, -2, -2, 0.28143202022935454]
[-2, -2, -2, -2]
[0.28090061482567724, -0.15531328630873517, -0.1305076956256261, -2, -2]
[0.26128511226929385, 0.15061428209843503, -0.25786152332265533, -2, -2]
[0.8610462355200541, -0.8225520603548604, -2, -2, -0.8418364050884299]
[-0.17046956042888797, 0.03499969839603774, 0.1629457410276848, 0.41423299223103427, 0.07722362946048016]
[0.9407044735317465, -0.9525380898327739, 0.8796222393077444, 0.9845820654739852, -2]
[0.745724879407914, -2, 0.9999999999988637, -2, -0.9320223675115332]
[0.4709847919070111, -0.6674592045124988, 0.2671819197316369, -2, -0.33574105047073816]
[-2, -2, -2, -2]
[0.8089769341363452, -0.8089769341363452, -2, -2, -2]
[0.20902114784750359, -0.2850224352753427, -2, -2, 0.20502973301649624]
[-0.018928898544461968, 0.8398081224020089, -0.5487895045374269, -0.48323656821986444, -2]
[0.9999999999999657, -2, -0.9999999999999657, -2, -2]
[0.5019057085313239, 0.3157374012193898, -0.4504411769412595, -0.8384177509930498, -2]
[0.2011645167811209, -0.4105593610857607, -2, 0.30331016281270246, -2]
[0.5815617304499918, -0.740088884749701, -2, -0.24208819719982716, -2]
[0.4615543480308964, -0.4615543480308964, -2, -2, -2]
[0.44852175569885405, -0.04251065266097614, -0.46571107358316133, -2, -2]
[0.5334524133067128, 0.9373416479284048, -0.9080685720026827, -2, -0.46794299193909067]
[0.9320680780002292, -0.35265514133895065, -2, -0.9938447785609202, -2]
[0.9424451631296678, 0.9563220727136031, -2, -0.999999999999979, -2]
[0.7297894933800123, -0.8629796717159719, -2, -2, 0.37005730646421225]
[0.8876079397357737, -0.8876079397357738, -2, -2, -2]
[-0.4916197999739189, 0.4769549697838551, -0.060808766202112126, 0.9269324541108408, -2]
[0.18634453745888943, -0.08179070944324736, -2, -2, -0.2674192414503858]
[0.019459082723434214, -0.07739346719873832, -2, -2, 0.1286658868802774]
[-0.11234958772554525, 0.11234958772554525, -2, -2, -2]
[-0.47485683185390093, -0.007755779437065746, 0.6170537701854764, 0.9719010043428958, 0.0]
[0.5908786372363883, -0.6706733413524685, -2, 0.24487153236335674, -2]
[0.9176680295585904, -0.8702317267274426, -2, -2, -0.7217779195123557]
[0.7700156079918454, -0.6962302902892575, -0.7231820002314814, -2, -2]
[0.9633156821176068, -0.9403134005146571, -2, -0.9591000752000616, 0.2105481445914535]
[0.9308528993172316, -0.927933099963137, -0.11966302972153642, -2, -2]
[-0.16071418051745573, 0.18299093502803732, -0.05188766310374378, -2, -2]
[0.24938644505962318, -0.05202258489669776, -0.5700043487260907, 0.33872625774922727, 0.0]
[-0.912581641015534, 0.9020776325695393, -0.7040159527086974, -0.032622264338794206, -2]
[0.06554380954938319, 0.17812902649420523, -0.06728293313471902, -0.26338768475292307, -2]
[0.6301817165927103, -0.6769920339878471, 0.5484693319421711, -2, -2]
[0.5957507645441074, -0.9594336254972167, -0.4972686615259907, 0.4127131147988833, -2]
[0.9392168552572882, -0.916215310305519, -0.8677032081953128, -2, 0.8603233444227942]
[0.32923896428461713, -0.32923896428461713, -2, -2, -2]
[0.8952130214981909, -0.6416225960753096, -0.19086336314099678, -0.9320050876051249, -2]
[-0.18075823184935905, 0.18075823184935905, -2, -2, -2]
[0.49091288586506165, 0.46312991811666415, -0.7830962914966672, -2, -0.3916430902674292]
[0.6812230112643617, -0.7950637447679775, 0.5587962847641105, -2, -2]
[0.9098874148779658, -0.03070448814141691, 0.5685131473804254, -0.9564051993181769, -2]
[0.6922079432021375, -0.6482535694369024, 0.9999999999984548, -0.15583282806428275, -2]
[0.8510751828375507, -0.8510751828375507, -2, -2, -2]
[0.5155681834107814, -0.27654993472266837, -0.10029635974628424, -0.7706358765755236, -2]
[0.372516880031283, -0.6328059072756826, -2, -2, -0.001885559667590476]
[-0.6661702629179005, 0.6255896322241539, -2, 0.2857448024722217, -0.3883130097730657]
[0.08907071235771638, 0.12515882668655048, -0.34301074560056893, 0.03846404405348137, -2]
[0.4782068682082864, -0.7180189032611474, -2, -2, 0.5994019214732317]
[-2, -2, -2, -2]
[0.9011767152299686, -0.9011767152299686, -2, -2, -2]
[0.0592908207030175, -0.0592908207030175, -2, -2, -2]
[0.9150226821157269, -0.8475247807615865, -0.7193979603822878, -2, -2]
[0.16483267952428818, -0.35317839360427405, 0.3241084107526317, -2, -2]
[-0.3078654066164054, 0.7049425446868225, -2, 0.5326034157012449, -0.7893545549866595]
[0.5085463218689459, -0.47633312296851477, 0.3062603863067917, -2, -2]
[0.9389569777958529, -0.9313679212747134, -0.2604623616192033, -2, -2]
[0.2360225543807805, -0.7104256061621248, 0.7263411909384841, -2, -2]
[0.10594045452639536, -0.1718963021144826, -0.04168792015719028, -2, -2]
[0.7745477271042426, -0.9657734371724793, 0.0, -2, -0.19363573932890082]
[0.8989614848373961, -0.8410333271612893, 0.9086398746831722, -0.8404850185988558, -2]
[-0.14977583884665627, 0.11320286127563207, -2, 0.0, 0.0022209954452916247]
[-0.7709764252790979, 0.15399272766446842, 0.08602124774057616, -2, -2]
[0.7650867901605308, -0.8567220201521548, -2, 0.20200409828953048, -2]
[0.723545852857347, -0.9257538194565168, -2, -0.6538479631414809, 0.3728514273433061]
[0.8452905686077934, -0.7951401797038082, -2, -0.11271682243764233, -0.9406673899077602]
[0.8587422819530319, 0.6707801231646269, -0.953108115529861, -2, -2]
[0.6254127877638347, -0.6254127877638348, -2, -2, -2]
[-0.6217525517613101, -0.7842899092609132, 0.930478428012349, -2, -2]
[0.9029096246769085, -0.7325955012657867, -0.9732669825159529, 0.8909266330507084, -2]
[-0.2043895088832863, 0.9448579825099443, -2, -0.931997595921215, -2]
[0.5490655038766334, -0.1517701489218484, -0.9736005703043235, -2, -2]
[-0.2861057436891, -0.07525684563010994, -2, 0.9157054869030035, -2]
[0.9196555521009435, -0.8142153337362489, -0.921566114688303, -2, -2]
[0.06118934726552619, 0.6573814608331553, -0.5176934967404926, -0.9091931351107851, -2]
[0.7779425150813679, -0.7719704080485184, -0.31384795306835467, -2, -2]
[0.7008674021707558, -0.3055617857326291, -0.4689189326345507, -2, 0.016405071813283108]
[0.7732577192060507, -0.7336154542939999, -0.21315135427200735, 0.045293147720096585, -2]
[0.7658549300580871, -0.4381814422362774, -0.6759280811776959, -0.56919367497475, -2]
[0.24139078518594348, -0.5448407522208183, 0.0, -2, 0.714275272380776]
[-0.6277469113586689, 0.12267583038327244, 0.9030939511736682, -0.6698382279240724, -2]
[-2, 0.9709836722224817, -0.8926694143207768, 0.3031431233265484, 0.6774428186650212]
[0.18443390055776782, -0.5427774413983034, 0.4337621326766931, -2, 0.1319494458236015]
[0.09671326993510318, -0.327553073661656, 0.6390460627968896, -2, -2]
