[0.6584193638947876, 0.48323555612398533, 0.4519849618206516, 0.33703661852121675, 0.37698374625089853]
[0.6827969134391985, 0.5330606614078024, 0.39162490056364774, 0.25489741434569313, 0.2589581766089618]
[0.5672240099061376, 0.4461573129098745, 0.3052802008761256, 0.18392757812888538, 0.16999085957735946]
[0.3490876339591114, 0.33383893513735774, 0.3593765075326127, 0.36513495330933127, 0.38665587335128543]
[0.599455311495146, 0.3167817027866419, 0.327506909759953, 0.30820473417729644, 0.3717986878109801]
[0.40556652797726667, 0.355857659286664, 0.28269865980972614, 0.17732536767335094, 0.2455955658772192]
[0.5881750934686568, 0.3809696450382058, 0.379203421640906, 0.3434120164981672, 0.35679553111465545]
[0.6195594968683467, 0.39364031422321955, 0.42547749457295075, 0.32006039179475604, 0.28677137870279934]
[0.413268669198153, 0.3569915789573559, 0.25007905488474413, 0.23323869946441422, 0.22519697587776297]
[0.6262782700022214, 0.3654802358981325, 0.3497855229449123, 0.2930795271129404, 0.3377038282239522]
[0.39643241786610556, 0.36208907060087775, 0.25071664693356854, 0.1808176395185797, 0.15651175903275846]
[0.5642695107654145, 0.44047918561297317, 0.36093918332977487, 0.2726177670720916, 0.24064695669896174]
[0.5221390214756897, 0.3832650162260916, 0.27089406185074927, 0.21548307999652988, 0.1890705520364219]
[0.5537686986972898, 0.37207165153165783, 0.3453397391086509, 0.27887681136970416, 0.27318542298780446]
[0.4464507387524019, 0.37042103574195817, 0.24032387736881825, 0.23192498410557918, 0.18197852965076713]
[0.3735955946839566, 0.3465142294458438, 0.28474730980740337, 0.18782722611194339, 0.2660953019827545]
[0.54520855691476, 0.41890283131402345, 0.3945390117091577, 0.3105094298242966, 0.23871647332868015]
[0.4456849517950121, 0.37416319517658886, 0.35200805341750213, 0.21356987124687618, 0.24249912130129253]
[0.5411259656948363, 0.3594126805674694, 0.3321370022653003, 0.27382875940226126, 0.28596717970502883]
[0.5750267631768143, 0.4411706475655069, 0.3414396685862463, 0.3122504130034356, 0.2584345417761056]
[0.48879900708868074, 0.35252996128705194, 0.3368224463276768, 0.23113186759113533, 0.14607750584591064]
[0.6292813887837211, 0.41724690458182023, 0.2947729192945422, 0.27812220712209895, 0.21070649940769506]
[0.4311626081375269, 0.3155373653495918, 0.3064426188769156, 0.19778104925483578, 0.2091038669321529]
[0.6416563740829119, 0.4607973564967601, 0.3625907514489277, 0.27222716634355965, 0.2722829337348043]
[0.5710865585286992, 0.349008682340319, 0.3454532781754436, 0.3135189285149713, 0.2505341544336545]
[0.5630393888682087, 0.28907115851362125, 0.3783241095206499, 0.2290508901481333, 0.2512488399042226]
[0.4709906138441946, 0.3000581873204085, 0.23002402318362855, 0.14552990520023013, 0.1467543784584331]
[0.4726983256329096, 0.3552621989798801, 0.2260330628173262, 0.18654954640238464, 0.17689482580707067]
[0.5271724630533908, 0.42832164270406425, 0.25174700169759423, 0.21963076659791445, 0.1712295474616675]
[0.5179446318505977, 0.33735872635021896, 0.3271260422726123, 0.2513188078726032, 0.25517692690346117]
[0.46817264359316574, 0.3427531491498931, 0.2736593063988348, 0.2538486071136869, 0.26388601379483484]
[0.19970176429652897, 0.12012618908477025, 0.2718002328578808, 0.23876230820820488, 0.22670962915758391]
[0.48107413014991096, 0.3695905616027415, 0.27289931072419343, 0.1842705856962061, 0.1865315603739087]
[0.5281011833838314, 0.3652819194103448, 0.2935570943345436, 0.21759229385662207, 0.20626150652172467]
[0.5433079142257617, 0.35454692755444583, 0.2575008495455948, 0.157073918369786, 0.15705343366255972]
[0.3675055766633774, 0.2696863827654005, 0.24559182044943367, 0.17697463356896742, 0.11296916455819804]
[0.6213328324276315, 0.3955912023393027, 0.286438361670583, 0.27966323931835557, 0.26489758081837894]
[0.5666200122296614, 0.3757331628807894, 0.35521679686912333, 0.24742676007571007, 0.24735486221407063]
[0.4186282035678635, 0.47201758745683664, 0.3589350679602634, 0.27277792518866084, 0.29171758530176706]
[0.5441671375566892, 0.42965082468176163, 0.3231369561961284, 0.4014491835518574, 0.4297878796026139]
[0.567463558215646, 0.4912406474643023, 0.3627079720040977, 0.24812170064028002, 0.3095460735809182]
[0.542423746194329, 0.38075700509318894, 0.3413109706437487, 0.2534741721323563, 0.2674165840537844]
[0.5086302077485677, 0.42102116861592315, 0.32515129213078403, 0.24249779927419582, 0.20844094836004226]
[0.5903831846224326, 0.4523074526077382, 0.3252918248233608, 0.2502239470547153, 0.19786209637041427]
[0.5307215253456701, 0.3513034185935923, 0.319934429630739, 0.2604415854339348, 0.3215847845087626]
[0.47743655883633296, 0.3944058072869475, 0.34077471775034035, 0.25563699228398257, 0.22088781971299076]
[0.5318759679399967, 0.48029183634605044, 0.3138693952802331, 0.22939075583166926, 0.2191302026704401]
[0.5368657290294874, 0.41382957512759105, 0.27961438857565163, 0.18211079500147842, 0.16321428598772825]
[0.5012941384761324, 0.44643910727907965, 0.3485932435946499, 0.28995486905801393, 0.29588484317468366]
[0.5946151886780272, 0.48276232120825663, 0.36958296823053005, 0.33766127991538425, 0.3782935949930459]
[0.5570008063646525, 0.488864716587392, 0.34370822730955636, 0.3177273086805223, 0.3000655460813594]
[0.45620333893895454, 0.4267508833091093, 0.32875906118663445, 0.3126616470446419, 0.2309252079515007]
[0.44177412244333913, 0.3680628916834565, 0.2896264212476592, 0.2559441725389904, 0.23996499851462708]
[0.5181993611310356, 0.4788097230283605, 0.36131482301643286, 0.28542836484235007, 0.2501914355153567]
[0.48403605712473474, 0.3556090292043195, 0.2616839543100861, 0.16444180665154326, 0.3186543332410858]
[0.503735006354289, 0.44629298822921026, 0.36570570183166795, 0.2024168806993125, 0.29751200896590013]
[0.5700028214174423, 0.45661353053242604, 0.33807724063434896, 0.31073599351235653, 0.267802664588395]
[0.5475822443369917, 0.4460870361240286, 0.34606729093619987, 0.23573074664353885, 0.3899547651547785]
[0.4332831438486776, 0.3242698634492681, 0.2639530618453097, 0.14132498241777317, 0.23795681909106425]
[0.5866465987524311, 0.4570150574791987, 0.33720539896508994, 0.23259460017248926, 0.25102583460437555]
[0.6417781267346486, 0.4735538263273685, 0.36724449041155877, 0.28434433358916644, 0.2713744231173337]
[0.5256708051395611, 0.43666210122274557, 0.35936428471760035, 0.2805188384227902, 0.21923764359133818]
[0.7032582221899024, 0.46825371782008757, 0.38507292646148, 0.27722463369569816, 0.34182708654156446]
[0.470829618834236, 0.37889096043361686, 0.31899434560817136, 0.25746014045956844, 0.24300645660413098]
[0.4336196166694595, 0.44370268823582476, 0.3589369158471804, 0.3521293396387738, 0.29586493198454317]
[0.45542047766319754, 0.3977386950712165, 0.3196132179117403, 0.23669263591134573, 0.26175769294410944]
[0.5993918911706259, 0.4488817479079634, 0.39934003955098957, 0.34578895861787584, 0.380025098470529]
[0.5814753896500398, 0.3298889038262307, 0.2835392726678831, 0.2773741551557289, 0.20952719554397864]
[0.4120138965198075, 0.26929444184895085, 0.3007691047430237, 0.21805446791713415, 0.3637489406746772]
[0.46506779499497797, 0.2907426260992252, 0.27437232774180115, 0.1968990106415499, 0.2528438004239949]
[0.5576677709476922, 0.44478899863343335, 0.3916017798830175, 0.31037484069249754, 0.33696087148085696]
[0.525254808598696, 0.47633182995409173, 0.4128431420777296, 0.36611133840226256, 0.4119797142746052]
[0.723783368485737, 0.5408900301042506, 0.3013485324826333, 0.2517482467530336, 0.2875821021275493]
[0.7013026082986046, 0.40365157707563853, 0.3427742448622444, 0.3273788677111441, 0.35434768779462095]
[0.40391809381580335, 0.3699189661826947, 0.265665167352727, 0.22399021005934702, 0.22298641534628116]
[0.6253785377866665, 0.41251612961291995, 0.35653393359015667, 0.32660633276204437, 0.35380871209077114]
[0.6115130764090977, 0.3546883396972079, 0.20796168169106818, 0.18947225965125214, 0.17928555292789763]
[0.5424205431329213, 0.4498222920128069, 0.3618728240456475, 0.3060034700807358, 0.3568955931528898]
[0.38010918201256755, 0.32067903442937923, 0.30425338346479486, 0.2878831396084257, 0.24217555831065457]
[0.4639230166930666, 0.35202690244467566, 0.2901406691122884, 0.2927962200259237, 0.23884189874610767]
[0.479168355897747, 0.399818992810023, 0.39482925935911106, 0.33193987093020205, 0.29385914688013065]
[0.3833062342061452, 0.3119052007036265, 0.2631493931567885, 0.28880192036735075, 0.3740401943980758]
[0.7256583971665295, 0.4740649050854016, 0.4145776264908279, 0.35647325318689976, 0.3969020906178596]
[0.3118081836488671, 0.331045912033071, 0.38162485548505515, 0.35239221751844996, 0.4188533607460512]
[0.5242424897031699, 0.3661162517543602, 0.3106533428104647, 0.22057593697555644, 0.24755471628155387]
[0.3966137587275364, 0.35382556602924164, 0.3327909345090307, 0.3049642335338542, 0.2392542745538723]
[0.5078393199369284, 0.3570138310092054, 0.3474272049238745, 0.3121552199773291, 0.293257966298984]
[0.5300977112492203, 0.4062627966874639, 0.347622280583456, 0.3420108365962793, 0.31343798386797056]
[0.552323464435423, 0.4485990322321914, 0.36386703071820586, 0.3028648778927019, 0.4270777674799798]
[0.5251127892664174, 0.33488781490622227, 0.35118097853879, 0.3452412106682648, 0.33884189966383094]
[0.3602850379621137, 0.3902516938755648, 0.34275542088200456, 0.37949150566789286, 0.42544715468341554]
[0.5509739194232498, 0.37799363944442216, 0.314126275385741, 0.23905648515707817, 0.24133695020627033]
[0.48901888293914053, 0.39658685463422233, 0.35933754804453905, 0.20334291807224653, 0.18711568045070007]
