[0.10630245197511431, 0.11093990099345612, 0.1129090065508283, 0.10646871152454908, 0.10768975910424929]
[0.1209936832207002, 0.11879056024395392, 0.11317640744830665, 0.11171195358892035, 0.11056336099187267]
[0.11835982684422529, 0.11824346213940752, 0.11791712516885933, 0.1163403823890536, 0.11616827466724476]
[0.11211351663711791, 0.1109111816203887, 0.1160136987594996, 0.11582460494277601, 0.11826752888792032]
[0.116936937663237, 0.11114751072279228, 0.10811470056794609, 0.11319756712786166, 0.1214455375467928]
[0.11905799301011284, 0.10948128806678895, 0.11221512128932846, 0.11337069882769973, 0.11382389016173666]
[0.11012809520821476, 0.1114460131418425, 0.10913827120601759, 0.10385137151749944, 0.10187324517548382]
[0.11568811877009552, 0.1144424233226819, 0.1201020035481282, 0.11268533327858837, 0.12299815348453569]
[0.11639032336440396, 0.11293378568980932, 0.11251781658233388, 0.1106375687929887, 0.11453136212110265]
[0.10011706142668272, 0.09804417053792246, 0.10441616121278478, 0.10506853299336597, 0.10457820773479391]
[0.1076481752882122, 0.10334807614010576, 0.10141146669983248, 0.10153390936269821, 0.10001996819920225]
[0.1062950420678817, 0.10316305789870837, 0.10682123251959787, 0.10527228615667845, 0.11285409602966241]
[0.10758894206114916, 0.1032326712427873, 0.10696926864381288, 0.11155537024576047, 0.11579331323350857]
[0.10638584417132821, 0.10341926386615106, 0.1060958469116625, 0.10387947539645138, 0.10410654180459007]
[0.1090067810176631, 0.10361897374993725, 0.10840998696309595, 0.10451519325717212, 0.10498852804623138]
[0.10702925028755171, 0.10695486071798051, 0.1080097769975209, 0.10995369657754558, 0.11040039131542002]
[0.10645143822719311, 0.10629885806298703, 0.10450769583809462, 0.1044904198435089, 0.10128852648059858]
[0.10790784539630276, 0.10282901388151454, 0.102328780524115, 0.10119672393116223, 0.10757855382208352]
[0.10641968939193987, 0.10764870416053827, 0.11116144158027644, 0.10399120363131555, 0.1033731863454452]
[0.10995465926788969, 0.10796267857464394, 0.1043087749951763, 0.10729545380967617, 0.104324300325137]
[0.10940268048994051, 0.10822547386839124, 0.10682130119320091, 0.10953285525298327, 0.10024680554869206]
[0.1100058999279837, 0.10723464630763233, 0.10254155798242452, 0.10160150087627305, 0.10272091594754296]
[0.1120592776435729, 0.10981027663704086, 0.11297907362971082, 0.11396117049566833, 0.119622011471343]
[0.11168323047602244, 0.1055014871936779, 0.10651267420746614, 0.10182755889302673, 0.10633049560922266]
[0.11719922644553554, 0.10869105276207988, 0.10699340602478244, 0.10600860763732847, 0.10617556884955809]
[0.10439494711453297, 0.11016429276806013, 0.10900401626749164, 0.10494121155970082, 0.1010720509302498]
[0.11683970336601307, 0.11240222822089005, 0.1102016076945435, 0.10760737716682249, 0.11286536902656047]
[0.11633107763424111, 0.11058315258975314, 0.10784417737425062, 0.1074587187154801, 0.11351096561445512]
[0.11516864859466042, 0.11320492558032814, 0.11753794515517431, 0.11694525756660039, 0.11633937364316772]
[0.1126519953655347, 0.1150687094531979, 0.10667935715218414, 0.10669783739145353, 0.1094604017106834]
[0.11484823963651043, 0.10941597582016344, 0.11398741597491599, 0.11417872189726354, 0.1228255577250044]
[0.11277244650406743, 0.10755549535724575, 0.10576866878324828, 0.10207276712867369, 0.10707019362831627]
[0.117811938784019, 0.11235405228987434, 0.12275049715316035, 0.12565502758956953, 0.12688885501129876]
[0.11699822202229504, 0.11451509258373513, 0.11400534852605074, 0.10956265252871586, 0.10730416807832348]
[0.11518296400185325, 0.11510389266240388, 0.11618928946033706, 0.12400365991332751, 0.1177479408377782]
[0.11965777715946514, 0.10878704272936103, 0.11485414351825231, 0.10711893305881934, 0.11066715621917567]
[0.11785491965145234, 0.11228307296110603, 0.1176766262901501, 0.11380791075310988, 0.1149341031625578]
[0.13923480448872938, 0.13081942014965187, 0.13379380333466478, 0.12187451320517036, 0.12469929869972271]
[0.14203811910130812, 0.13882247765289862, 0.14039087202211992, 0.12411408850061782, 0.12787950231630388]
[0.13643766256054163, 0.13080226015934893, 0.13882979631536796, 0.16033939823731977, 0.15082900701597504]
[0.135836132202453, 0.13619846273982222, 0.13575405164567067, 0.13794896364015913, 0.13196598319731126]
[0.14412435587654976, 0.1299309717540524, 0.13346096015267647, 0.13727272351107708, 0.13344155893314677]
[0.13967425018196472, 0.13324965635250427, 0.13193892593274847, 0.13013787027804552, 0.12141872370064942]
[0.1401977387807216, 0.12834905837492544, 0.1293471493100446, 0.13790451680035873, 0.12544841864797557]
[0.13193607078177874, 0.12909117113660848, 0.13992474489354353, 0.1266296259533236, 0.13520822815235875]
[0.1316684121965685, 0.13767043601378326, 0.12779992751534633, 0.12331671800720667, 0.12599365365733217]
[0.14032931828530412, 0.13162235053170432, 0.13257365848109273, 0.1231592240991298, 0.12024178397434475]
[0.13878898635228068, 0.1296525806296877, 0.1227004182115583, 0.12581059306266662, 0.12364160677606893]
[0.1398904958321256, 0.12791537565878364, 0.1324324361712117, 0.12931804187510088, 0.13568003411951224]
[0.1311943173657224, 0.12880340220214537, 0.12977193812428997, 0.11710366923091119, 0.1309043713845294]
[0.12792915623624232, 0.13566219883226016, 0.13187469169647673, 0.1283153139166941, 0.12637870454652156]
[0.13467612050320651, 0.13014360988827192, 0.12473943060876076, 0.12824657963230363, 0.12266532372613255]
[0.13738115498085518, 0.13432632183312912, 0.12467083713849465, 0.11886890563980673, 0.11829696073168178]
[0.13074785183485024, 0.12839273932339382, 0.12744078176233603, 0.12445784709630453, 0.13060732673749278]
[0.12846358116941028, 0.1264338518592876, 0.12825154910126282, 0.13649908083004944, 0.16169227355736798]
[0.1270051713525405, 0.12999173554786952, 0.11800136312254599, 0.12012563866608157, 0.12072353967231472]
[0.12500779885283067, 0.1248811285019115, 0.13553853309886504, 0.13124046705699113, 0.13195885051604547]
[0.12078304526158583, 0.11816939620541266, 0.116571490145463, 0.1161145469888785, 0.11614506427439296]
[0.12611144180224818, 0.12078615365386938, 0.12300463145634484, 0.11768029438126792, 0.12821608462698697]
[0.12068535776208293, 0.11768283107045117, 0.11571993782310609, 0.11218538787565432, 0.11905743361858996]
[0.11296635843291758, 0.10755197892675507, 0.10960923272898651, 0.10874956800059252, 0.10937345403676248]
[0.11258708925496055, 0.10776419514833391, 0.11138965647788307, 0.10862266364001488, 0.1086223017993188]
[0.09764654241300792, 0.09682055217007912, 0.09821570017056633, 0.09604025846360914, 0.09645024008695022]
[0.10052537871185596, 0.09988582541798184, 0.10213371463122545, 0.100365070670874, 0.1016062306118289]
[0.10399900078100112, 0.1036115056515928, 0.10425518067594863, 0.10572356946586069, 0.10606119480455942]
[0.09412467823084991, 0.09373999213582279, 0.09635442540139849, 0.09302488931099136, 0.09615447810235124]
[0.09189140237481296, 0.0901444321320713, 0.09058522349691434, 0.08780443619924286, 0.0872622600443904]
[0.0946607200353872, 0.09541658622869759, 0.09573051097027341, 0.09257071374858941, 0.09110353931700163]
[0.10086494924505807, 0.10031837819453313, 0.10014716142672614, 0.09901210409546381, 0.10178885433848023]
[0.1013685104866994, 0.10344346717491941, 0.09891089076490085, 0.09612294872755717, 0.0949351241479101]
[0.10248260873498222, 0.09924510113293034, 0.09815881631445601, 0.09606243795264993, 0.09760344740674244]
[0.0966265168627703, 0.10297818147903146, 0.0992043885439757, 0.0968795231543549, 0.09563023684575174]
[0.10022240908009353, 0.09491047233119392, 0.09750164445290842, 0.0996347369614871, 0.09513830463288839]
[0.09930487386680968, 0.10256201076698972, 0.10217426140021083, 0.09808808679561683, 0.09633596932808253]
[0.09767463987421009, 0.09650928943195432, 0.09770645606529849, 0.10135743283753447, 0.09803668216165355]
[0.10664462137651218, 0.09753388812417375, 0.0989871700973037, 0.10056187133532872, 0.10088009192757864]
[0.09942496761364325, 0.10220456291245565, 0.09729400984306574, 0.09410388419334503, 0.0929335599057655]
[0.10541793410988944, 0.10032727802976509, 0.09945498678123642, 0.09811102335141207, 0.10136680854448334]
[0.096887511176485, 0.09899179725911571, 0.09928887293239777, 0.0968825338963217, 0.09509436316183774]
[0.10063939594772721, 0.10068644024086364, 0.0993240263590904, 0.0972111602023099, 0.09888939904520237]
[0.10485386434194661, 0.10507827908657982, 0.10097835635408774, 0.09939107019275066, 0.10557341996072188]
[0.10179639899034644, 0.10289295354784087, 0.10013643901793484, 0.10098132876602019, 0.09738713448805583]
[0.09482108112375648, 0.09867644486378642, 0.09734166135892143, 0.09251537494213122, 0.09297533243014247]
[0.09435498209877932, 0.09398665842127776, 0.09617748422096342, 0.09836131303916612, 0.09824144870866046]
[0.10369205628728416, 0.10278251144218072, 0.10213581895081654, 0.1000265978461342, 0.10004090784259226]
[0.10734311800383119, 0.10284735912661395, 0.1073109002013122, 0.10298760838298732, 0.10421735813976944]
[0.09952769325493764, 0.09732999138732192, 0.09903985507124057, 0.09509270336232425, 0.09834668860559953]
[0.10088083583447269, 0.09931516199123124, 0.09733386865524525, 0.0970694583338723, 0.09974201973224879]
[0.10175694117106673, 0.09948570174930503, 0.09809055949566095, 0.10015095484623388, 0.10147757890263603]
[0.0990895468818064, 0.1016453400949248, 0.09772602405068412, 0.09296934377848788, 0.0909733639403595]
[0.10130738298135791, 0.10060622813632195, 0.10566517851809458, 0.10579175873708722, 0.10829400523780747]
[0.14169432360366746, 0.1319112670626958, 0.13028236692275666, 0.12014331322522055, 0.12976478700805355]
[0.1376651454468618, 0.13748634984718563, 0.14259425046261484, 0.1310883215705954, 0.12930806989468074]
