[0.8616763537610934, 0.7811477855694938, 0.7023651205270558, 0.6145961867151599, 0.550749691788422]
[0.859568446365157, 0.802914312943423, 0.6339563307466783, 0.5507604845683726, 0.491356540232389]
[0.8856350338718529, 0.7699174868798719, 0.6105604017522512, 0.5130611389911013, 0.47187117917163574]
[0.6845920914995803, 0.7488367091426946, 0.7608514059476171, 0.7211088146001489, 0.7023966956949115]
[0.9283419925756277, 0.6890580104410167, 0.5276500212799243, 0.49723697113937154, 0.5800059529851289]
[0.8894882584230933, 0.7877815468595109, 0.6147844348874165, 0.5319761030200528, 0.4876317757272323]
[0.8889602861948643, 0.8022273601453871, 0.6307725208758485, 0.5299901986900848, 0.5130778711896699]
[0.9064343184485993, 0.7301392925108104, 0.6206213078733267, 0.4889811541308773, 0.48857346001217666]
[0.9479910498569072, 0.6837540322771938, 0.48203643912566624, 0.4146465768256253, 0.47254447397301086]
[0.9470235017365826, 0.7262445977846762, 0.5944541529840996, 0.4805141084060999, 0.4980278678858285]
[0.9047212855865479, 0.7692254428985577, 0.6625041629727145, 0.604290985750405, 0.5453906695129251]
[0.9056070241953771, 0.79722144271098, 0.6135966116606173, 0.49695947122516704, 0.5195786565091219]
[0.9078098896111423, 0.7659168084262215, 0.6226711848228123, 0.5387076999913247, 0.5498480339834718]
[0.9257141598114096, 0.7538833986531497, 0.613188609929507, 0.5231821171977095, 0.49719746983780416]
[0.9271905567417996, 0.7520669513548848, 0.621943702738399, 0.5139959107204728, 0.4287290783297734]
[0.8997865731120644, 0.7779763916835258, 0.6116794062529406, 0.5309731199703015, 0.5669876819170999]
[0.8586184654114983, 0.8208305152153217, 0.7020771131439884, 0.6060905216762712, 0.4930499122022272]
[0.922315575714659, 0.7648770530150174, 0.6242642822326014, 0.5260728446154671, 0.5032508646360156]
[0.8806751702085942, 0.7923823656437553, 0.6684084900359778, 0.5706132231855504, 0.5572693758354408]
[0.9044579835762416, 0.7647547297478225, 0.6321433221616849, 0.5812963663460184, 0.5168690835522112]
[0.9227125276206178, 0.772013287314668, 0.5879445069033412, 0.5042877111079316, 0.36154182696862885]
[0.9103528228335929, 0.8009073710239274, 0.6017153627801435, 0.4932733484807038, 0.4665643915456105]
[0.8353775532664584, 0.7804415308646709, 0.6885945906528339, 0.6253197245901395, 0.5969289876524707]
[0.9068142739045364, 0.7498181836485742, 0.6625759055253787, 0.5797169190010519, 0.5306026400985929]
[0.8878997069920266, 0.7868444841932463, 0.6615876434430082, 0.555376387655092, 0.5085099174148433]
[0.9217215527404468, 0.7525462938976932, 0.6026791047015003, 0.5487334274771827, 0.5067203493866674]
[0.891611398152274, 0.7521040726568986, 0.6224179450851126, 0.5839387446159234, 0.5536642460022703]
[0.9144092759263555, 0.7727711935075169, 0.5803945742019087, 0.47936149265422884, 0.4534940079781266]
[0.8946564360310397, 0.7643233323440946, 0.6357408460591146, 0.4672145398537453, 0.4800041412450023]
[0.8886839472804992, 0.7811215497644434, 0.6065462033804687, 0.5502358748119873, 0.5644822928470504]
[0.9245426154991089, 0.7110087647543912, 0.5619789327833213, 0.4803596719228229, 0.5416607651578189]
[0.9505803980514779, 0.711160276427469, 0.5476571856091628, 0.41682233466856106, 0.4041345563243887]
[0.9215686576343649, 0.7535063387714808, 0.5304240123935028, 0.41609487092691705, 0.40069742598839647]
[0.9164862769889306, 0.7466319584428456, 0.5606676035939031, 0.5305107354980501, 0.45562243231664556]
[0.9198107670664212, 0.7332675092603312, 0.574249682172477, 0.47763293545098184, 0.41008396567446154]
[0.9333547337840367, 0.7408252442230279, 0.5771407780561691, 0.42795684117586663, 0.3924192032021616]
[0.863958556465586, 0.7534585013627441, 0.6637362036560285, 0.6145466086932018, 0.5409487439870054]
[0.888313954656824, 0.7327834613089429, 0.5628820011926108, 0.47544749975332523, 0.4174113299862442]
[0.7956248730792544, 0.8191515979632097, 0.6066508190877692, 0.46846643673704796, 0.4234610109219199]
[0.8103100170603975, 0.7658128125114733, 0.5947593251725842, 0.5309489201814888, 0.5252962972920837]
[0.7802623925465132, 0.7650469099853888, 0.6187371287128726, 0.6035392718277082, 0.5417056287666068]
[0.8106876641491331, 0.7328548807707616, 0.6546964982348271, 0.548425936068189, 0.5560567065245359]
[0.8695935809894868, 0.7556222026212095, 0.588564997148128, 0.47316643760818694, 0.36250599714789955]
[0.8471758706167427, 0.7531541527367384, 0.5681763873581368, 0.5540673113354411, 0.5201858340060891]
[0.820031815335548, 0.7368364010501501, 0.6864047762986764, 0.525083841600675, 0.5103410710682537]
[0.8794883978564028, 0.7689811549896352, 0.5679578629172339, 0.43727380259102283, 0.30584467344875643]
[0.807075473739796, 0.7890508739970828, 0.6453389435668344, 0.5613326730939672, 0.4719727442132556]
[0.8676808789596292, 0.8016993614095399, 0.5162111789088953, 0.42113121344091886, 0.4224369754976496]
[0.7503029915753876, 0.7454690753622367, 0.6496510448809384, 0.6176038710935696, 0.6479878065525572]
[0.8663922139740785, 0.7616916623508049, 0.610784484338876, 0.4568358492972846, 0.460086804721272]
[0.8049806174174088, 0.814092707957247, 0.5860665927201409, 0.5183971878471679, 0.521425375157772]
[0.8106092386105391, 0.7593360787518894, 0.6338474699678311, 0.6193105701076561, 0.5388254852201684]
[0.8034124738388168, 0.7404559350337772, 0.67208182366444, 0.6053282810842788, 0.6255639271622692]
[0.8535936998222599, 0.7883065021721677, 0.5886589813189075, 0.4885216244417145, 0.42273725311215443]
[0.9009578710346954, 0.7131299349097375, 0.5318093265011428, 0.40752969474512896, 0.4971007598560938]
[0.8376874618203636, 0.8065731459997001, 0.6122184341774589, 0.4596549999213555, 0.5385343959762496]
[0.8771112597912005, 0.7604233205323473, 0.5856831070144355, 0.4527867334037195, 0.4463377743139917]
[0.8946787314731814, 0.7544751800682927, 0.5747188938761891, 0.4861946649522989, 0.5399373671373856]
[0.9317003550733002, 0.7255538194677373, 0.4542448041058818, 0.36179195498949934, 0.38280010027692946]
[0.883479749574174, 0.8022422591721186, 0.5747152886709359, 0.4651892003449785, 0.43630680776474795]
[0.9177427212305476, 0.7765590168476225, 0.5908869685468029, 0.47769848042979957, 0.4039061181281245]
[0.9047335278276858, 0.784146731069015, 0.6357983498849852, 0.48088943729621175, 0.41563803264191196]
[0.9434136928117871, 0.7726959039935438, 0.6119909009834236, 0.4533777863565064, 0.43655025510127504]
[0.876257416036744, 0.8051926771258718, 0.692202015962559, 0.6028858289094895, 0.619856313134756]
[0.8227782357771887, 0.8378016913252855, 0.7278870932952477, 0.6298865342676342, 0.5435658052739282]
[0.9027697779319116, 0.8380261807779585, 0.7075612484073038, 0.5225345623398014, 0.4352115858588808]
[0.8957273317595693, 0.8309410799842919, 0.7321918094131197, 0.6318039894449292, 0.6050066977867845]
[0.9465062177603263, 0.7750242815617251, 0.6143350907804133, 0.4858965696699648, 0.437542084812426]
[0.9403130496768556, 0.7483197574120378, 0.6027810570263078, 0.4952423508626437, 0.4993280912897842]
[0.8810132028642861, 0.7730702851372916, 0.7029776207822479, 0.6726337752064836, 0.6461563788613203]
[0.8768729541683141, 0.8188532759768079, 0.6953089718965, 0.6216902112052753, 0.5943246867063934]
[0.8107576316979873, 0.820642642736872, 0.7418473691489048, 0.7051986412809839, 0.6928076130337336]
[0.9460213990262053, 0.7804415134743916, 0.574062136539315, 0.4571979653675783, 0.43945130212749106]
[0.9098645173864043, 0.7832962138826015, 0.6566269128142369, 0.5709735702260712, 0.5798416709366525]
[0.9564236751290071, 0.6821784983652528, 0.5851359382199304, 0.5369628323340511, 0.5404141360156931]
[0.8390309919771292, 0.7324646337554709, 0.6917367771364578, 0.6897560314275343, 0.7807561760349316]
[0.9612932995557054, 0.7345694960458063, 0.5163674409336046, 0.3882628271542052, 0.3507760818154519]
[0.8720982464320066, 0.838357742183252, 0.6901945253320959, 0.5306642455830481, 0.5645805993379048]
[0.899304169393328, 0.7566435068560972, 0.708551399790354, 0.6519490947875289, 0.6299211243490249]
[0.843282850596511, 0.8546461611156844, 0.7265958437460396, 0.5913789266136246, 0.5392258818317032]
[0.8917442151295804, 0.8018592022467683, 0.6618198186965042, 0.565845686715215, 0.5488251713790675]
[0.8529776705498775, 0.8493770405962183, 0.7125672783324019, 0.5885020264089411, 0.48936925433748246]
[0.9309046256223238, 0.8009076436668946, 0.6282249922897821, 0.489228809546159, 0.5012161016135791]
[0.765547182010008, 0.8035409816567609, 0.7832162631327044, 0.7585706156055053, 0.7174131957415063]
[0.8980725086027711, 0.8185691501960668, 0.6623539741604503, 0.4967753711014706, 0.477780602423399]
[0.9025589592235079, 0.7461928455009542, 0.6779074591850626, 0.604332793057913, 0.5511098462137473]
[0.8782782965638656, 0.8295643465934758, 0.7050528600901329, 0.5729268646497481, 0.5877638388375381]
[0.8881076868287384, 0.8230920697013283, 0.6715967869775612, 0.6043417291826727, 0.548980137425558]
[0.7925841714648321, 0.8117714909436041, 0.7317014589676072, 0.6593266302439438, 0.7511869470076667]
[0.87562394125496, 0.7986094128468574, 0.7166472850181409, 0.6791532624372256, 0.6444107470560633]
[0.6891650847217187, 0.769811560521662, 0.7643694259162094, 0.7448987905068742, 0.765804878430148]
[0.9131882553403863, 0.7158254546978745, 0.4537379533349592, 0.38419792257387564, 0.46410951962744296]
[0.8475101693042999, 0.7460790202806308, 0.6288407090779433, 0.4727722845179732, 0.4030183886630463]
